0
0.5924659585
0.49773161299999996
0.6890733292
1.6890733292
2.106493042
2.4600464326
3.7153395391
4.5813649429
5.043304709199999
6.362783926099999
7.545570503699999
8.045570503699999
9.228357081299999
10.547836298199998
11.009776064499999
11.875801468299999
13.131094574799999
13.484647965399999
13.902067678199998
14.902067678199998
15.093409394399998
14.9986750489
15.5911410074
15.5911410074
14.9986750489
15.093409394399998
14.902067678199998
13.902067678199998
13.484647965399999
13.131094574799999
11.875801468299999
11.009776064499999
10.547836298199998
9.228357081299999
8.045570503699999
7.545570503699999
6.362783926099999
5.043304709199999
4.581364942899999
3.7153395390999986
2.4600464325999987
2.1064930419999985
1.6890733291999984
0.6890733291999984
0.4977316129999984
0.5924659584999984
-0.0000000000000015543122344752192
-0.0000000000000015543122344752192
0.5924659584999984
0.4977316129999984
0.6890733291999984
1.6890733291999984
2.1064930419999985
2.4600464325999987
3.7153395390999986
4.581364942899999
5.043304709199999
6.362783926099999
7.545570503699999
8.045570503699999
9.228357081299999
10.547836298199998
11.009776064499999
11.875801468299999
13.131094574799999
13.484647965399999
13.902067678199998
14.902067678199998
15.093409394399998
14.9986750489
15.5911410074
15.5911410074
14.9986750489
15.093409394399998
14.902067678199998
13.902067678199998
13.484647965399999
13.131094574799999
11.875801468299999
11.009776064499999
10.547836298199998
9.228357081299999
8.045570503699999
7.545570503699999
6.362783926099999
5.043304709199999
4.581364942899999
3.7153395390999986
2.4600464325999987
2.1064930419999985
1.6890733291999984
0.6890733291999984
0.4977316129999984
0.5924659584999984
-0.0000000000000015543122344752192
-0.0000000000000015543122344752192
0.5924659584999984
0.4977316129999984
0.6890733291999984
1.6890733291999984
2.1064930419999985
2.4600464325999987
3.7153395390999986
4.581364942899999
5.043304709199999
6.362783926099999
7.545570503699999
8.045570503699999
9.228357081299999
10.547836298199998
11.009776064499999
11.875801468299999
13.131094574799999
13.484647965399999
13.902067678199998
14.902067678199998
15.093409394399998
14.9986750489
15.5911410074
15.5911410074
14.9986750489
15.093409394399998
14.902067678199998
13.902067678199998
13.484647965399999
13.131094574799999
11.875801468299999
11.009776064499999
10.547836298199998
9.228357081299999
8.045570503699999
7.545570503699999
6.362783926099999
5.043304709199999
4.581364942899999
3.7153395390999986
2.4600464325999987
2.1064930419999985
1.6890733291999984
0.6890733291999984
0.4977316129999984
0.5924659584999984
-0.0000000000000015543122344752192
-0.0000000000000015543122344752192
0.5924659584999984
0.4977316129999984
0.6890733291999984
1.6890733291999984
2.1064930419999985
2.4600464325999987
3.7153395390999986
4.581364942899999
5.043304709199999
6.362783926099999
7.545570503699999
8.045570503699999
9.228357081299999
10.547836298199998
11.009776064499999
11.875801468299999
13.131094574799999
13.484647965399999
13.902067678199998
14.902067678199998
15.093409394399998
14.9986750489
15.5911410074
15.5911410074
14.9986750489
15.093409394399998
14.902067678199998
13.902067678199998
13.484647965399999
13.131094574799999
11.875801468299999
11.009776064499999
10.547836298199998
9.228357081299999
8.045570503699999
7.545570503699999
6.362783926099999
5.043304709199999
4.581364942899999
3.7153395390999986
2.4600464325999987
2.1064930419999985
1.6890733291999984
0.6890733291999984
0.4977316129999984
0.5924659584999984
-0.0000000000000015543122344752192
-0.0000000000000015543122344752192
0.5924659584999984
0.4977316129999984
0.6890733291999984
1.6890733291999984
2.1064930419999985
2.4600464325999987
3.7153395390999986
4.581364942899999
5.043304709199999
6.362783926099999
7.545570503699999
8.045570503699999
9.228357081299999
10.547836298199998
11.009776064499999
11.875801468299999
13.131094574799999
13.484647965399999
13.902067678199998
14.902067678199998
15.093409394399998
14.9986750489
15.5911410074
15.5911410074
14.9986750489
15.093409394399998
14.902067678199998
13.902067678199998
13.484647965399999
13.131094574799999
11.875801468299999
11.009776064499999
10.547836298199998
9.228357081299999
8.045570503699999
7.545570503699999
6.362783926099999
5.043304709199999
4.581364942899999
3.7153395390999986
2.4600464325999987
2.1064930419999985
1.6890733291999984
0.6890733291999984
0.4977316129999984
0.5924659584999984
-0.0000000000000015543122344752192
-0.0000000000000015543122344752192
0.5924659584999984
0.4977316129999984
0.6890733291999984
1.6890733291999984
2.1064930419999985
2.4600464325999987
3.7153395390999986
4.581364942899999
5.043304709199999
6.362783926099999
7.545570503699999
8.045570503699999
9.228357081299999
10.547836298199998
11.009776064499999
11.875801468299999
13.131094574799999
13.484647965399999
13.902067678199998
14.902067678199998
15.093409394399998
14.9986750489
15.5911410074
15.5911410074
14.9986750489
15.093409394399998
14.902067678199998
13.902067678199998
13.484647965399999
13.131094574799999
11.875801468299999
11.009776064499999
10.547836298199998
9.228357081299999
8.045570503699999
7.545570503699999
6.362783926099999
5.043304709199999
4.581364942899999
3.7153395390999986
2.4600464325999987
2.1064930419999985
1.6890733291999984
0.6890733291999984
0.4977316129999984
0.5924659584999984
-0.0000000000000015543122344752192
-0.0000000000000015543122344752192
0.5924659584999984
0.4977316129999984
0.6890733291999984
1.6890733291999984
2.1064930419999985
2.4600464325999987
3.7153395390999986
4.581364942899999
5.043304709199999
6.362783926099999
7.545570503699999
8.045570503699999
9.228357081299999
10.547836298199998
11.009776064499999
11.875801468299999
13.131094574799999
13.484647965399999
13.902067678199998
14.902067678199998
15.093409394399998
14.9986750489
15.5911410074
15.5911410074
14.9986750489
15.093409394399998
14.902067678199998
13.902067678199998
13.484647965399999
13.131094574799999
11.875801468299999
